67 53 5 10 59 30 77 94 22 69 29 86 77 11 2 29 11 91 24 36 86 73 73 5 65 39 36 15 67 4 90 78 27 61 75 37 3 26 95 2 52 89 63 9 68 98 94 1 35 71 100 17 64 74 86 58 4 37 21 38 21 54 66 21 25 97 59 36 9 4 99 13 25 6 100 37 34 55 14 89 91 16 97 91 23 26 4 52 3 30 28 68 64 16 7 78 71 20 30 27
25 59 63 86 95 67 49 86 55 28 62 35 30 38 75 7 25 3 78 37 62 69 65 65 83 84 31 72 47 23 27 34 62 78 50 73 92 5 10 88 78 71 66 62 56 31 21 25 74 91 90 28 26 63 18 5 92 77 13 67 20 10 31 100 62 38 32 19 16 100 22 54 45 74 58 7 21 53 88 17 20 4 35 22 54 15 74 87 57 7 44 64 35 60 74 47 78 72 32 48
65 59 18 78 46 56 67 96 38 44 27 27 45 33 13 33 74 10 39 77 55 46 66 39 39 26 51 25 1 33 44 2 49 3 29 2 21 38 99 9 50 1 38 83 59 26 83 61 34 48 33 21 98 30 58 50 16 20 66 71 90 88 55 47 55 72 20 36 76 42 83 77 49 20 15 81 39 16 67 61 79 37 45 81 17 48 39 47 42 49 28 89 44 72 53 75 71 29 50 62
77 74 59 52 24 13 48 56 76 5 24 69 44 68 91 31 77 22 91 78 34 34 77 51 84 40 2 81 70 51 56 57 54 72 16 23 50 39 89 26 29 75 14 62 5 2 78 48 58 38 49 46 31 99 20 17 82 49 90 93 31 98 9 13 5 50 92 17 99 3 3 85 81 76 45 79 7 10 59 4 44 99 81 43 93 47 46 71 38 56 33 12 22 25 94 38 42 95 68 6
55 33 1 10 49 10 97 72 45 49 57 31 47 85 75 6 89 15 34 93 3 50 75 13 99 85 67 96 31 19 69 39 39 96 100 66 45 40 46 38 79 47 84 77 42 40 43 58 65 63 60 19 18 85 80 69 27 14 27 59 94 67 5 80 94 29 59 75 60 83 36 96 37 83 54 66 71 65 29 19 47 86 50 8 35 51 20 3 89 91 18 87 52 57 77 75 32 39 59 42
16 41 79 79 68 70 64 21 11 74 100 18 51 17 1 2 50 63 67 43 25 65 13 95 53 63 86 71 81 12 40 39 7 68 3 6 79 88 33 52 25 73 78 51 67 51 28 15 31 61 57 98 32 91 48 81 21 52 26 69 14 54 45 82 38 62 100 6 14 57 46 1 72 1 18 96 73 57 28 97 93 50 34 23 21 63 6 91 47 64 3 79 2 85 19 99 97 41 47 2
25 72 82 22 27 34 57 4 65 11 56 50 89 40 58 83 16 30 55 99 8 67 80 48 65 26 57 57 47 24 22 74 33 33 19 89 99 4 69 96 61 29 66 35 23 25 82 65 73 23 76 31 12 37 48 1 4 13 67 98 98 7 94 91 81 70 29 51 76 88 7 14 75 50 78 44 51 23 100 81 85 64 45 92 83 18 33 57 10 29 30 36 8 63 51 60 21 21 25 88
38 56 27 1 14 83 13 73 40 44 73 100 55 34 57 42 69 3 9 1 19 8 62 1 37 94 50 65 10 58 10 64 88 34 9 82 50 15 26 42 16 67 13 58 59 8 65 73 89 51 14 32 87 91 42 99 79 98 17 15 19 71 49 27 47 45 61 68 16 95 90 59 81 61 97 25 26 84 92 93 56 34 23 10 23 37 87 79 25 30 69 62 64 82 98 45 87 41 16 88
3 75 65 79 51 44 3 31 59 59 71 50 38 44 52 56 74 44 88 1 86 86 75 8 98 79 92 18 48 70 16 5 19 42 50 16 88 6 1 52 14 16 57 19 39 49 44 73 29 1 34 17 75 98 37 68 19 92 99 41 18 4 90 55 28 25 2 72 30 9 89 3 39 33 7 78 26 13 85 66 78 59 73 7 55 66 73 63 97 59 81 60 84 79 14 71 39 40 24 53
67 39 76 56 55 35 40 97 76 97 26 66 31 55 83 23 52 35 65 91 68 4 63 93 3 44 69 36 59 59 56 85 76 23 3 96 1 41 73 22 5 36 63 77 95 77 3 89 68 35 15 12 82 64 27 26 95 90 25 47 12 57 64 13 12 5 68 58 17 84 26 47 93 5 60 28 15 64 11 57 76 76 41 56 89 59 97 53 36 85 32 3 87 2 49 69 22 6 41 58
3 20 42 73 12 38 85 58 69 73 3 78 12 69 13 66 64 5 4 51 5 17 84 4 59 68 30 1 41 48 33 1 56 85 5 28 73 7 34 52 27 52 56 18 88 70 61 95 68 49 1 4 15 18 83 59 24 69 40 81 70 65 43 26 83 74 56 56 65 90 67 53 72 48 42 91 64 75 75 45 19 84 91 36 30 96 87 96 70 97 38 73 61 56 73 46 53 27 95 13
12 8 92 37 69 22 8 46 79 92 90 64 79 66 15 39 2 24 98 9 54 14 93 37 94 84 70 4 4 26 5 55 78 58 57 57 53 34 63 63 62 42 77 70 100 86 61 13 75 5 42 52 7 50 80 28 12 44 25 85 62 49 55 22 34 39 26 53 32 47 94 43 81 44 26 62 44 93 68 69 44 46 81 81 21 57 45 48 60 33 8 48 54 100 60 42 29 95 79 23
30 2 33 84 71 2 84 21 73 2 56 17 18 5 29 3 93 21 44 23 10 20 62 5 21 89 40 10 67 50 4 69 64 55 82 30 74 44 95 25 34 26 6 76 53 42 36 34 1 72 38 59 54 62 75 25 6 30 77 96 92 4 82 63 61 89 18 15 32 22 78 50 44 81 9 89 49 87 33 98 47 58 63 46 75 58 10 31 65 39 56 26 32 25 39 56 93 89 4 14
50 36 75 71 97 55 18 77 42 85 48 53 75 29 70 57 43 59 37 76 54 74 44 89 90 50 92 84 77 39 89 59 31 86 33 64 87 31 29 16 15 41 24 92 7 51 15 100 92 20 83 11 62 41 15 81 99 22 45 72 12 82 32 61 97 21 72 6 97 42 89 23 41 86 75 29 61 60 47 87 7 54 56 88 95 56 69 47 43 12 43 59 14 3 19 34 50 8 96 68
44 47 7 8 32 64 72 3 81 53 78 50 7 62 56 36 16 93 19 33 6 2 72 89 67 82 30 32 31 43 69 10 59 87 42 36 11 71 71 83 81 82 59 81 86 1 71 90 86 50 52 91 56 12 13 79 24 50 82 32 52 42 39 21 62 98 26 62 12 75 44 20 91 11 75 92 34 41 85 46 63 27 9 71 72 40 99 28 80 48 98 94 17 25 78 12 77 83 77 68
29 85 83 63 98 75 13 46 36 72 70 53 2 29 94 84 83 39 20 21 39 99 11 62 45 69 30 4 81 64 40 21 3 91 48 27 62 7 98 13 4 25 70 35 3 100 58 86 5 30 34 33 61 12 45 72 65 100 15 100 1 50 34 84 18 31 55 52 16 90 29 79 53 52 53 7 23 52 97 52 42 12 31 57 47 99 75 32 57 32 41 93 49 100 56 59 77 4 8 95
83 58 67 42 53 42 28 21 76 36 92 67 93 81 89 40 4 48 21 90 77 16 73 74 58 24 53 28 21 58 11 87 55 52 47 20 50 53 25 58 61 81 95 44 11 17 90 98 40 38 16 26 72 96 57 67 78 54 95 9 7 45 76 84 16 91 98 82 9 63 29 77 11 95 21 61 76 92 96 36 68 98 60 87 32 32 70 17 11 52 70 32 60 81 67 39 55 37 99 44
1 46 32 42 24 25 35 91 60 7 53 93 7 3 96 47 75 68 52 99 85 12 91 82 35 39 36 4 43 63 75 38 40 16 15 38 31 40 80 42 18 12 71 42 53 22 81 100 86 21 8 97 66 22 45 79 14 30 99 9 89 52 94 48 12 96 84 68 72 3 72 30 72 57 85 78 58 55 62 83 64 69 76 28 20 76 33 63 3 81 44 85 47 14 91 74 70 55 52 93
80 31 77 31 52 5 95 97 63 58 60 45 95 14 89 52 98 76 91 58 68 50 84 85 35 90 10 3 70 15 16 88 1 52 41 93 3 88 20 64 51 22 14 20 73 31 8 43 41 38 94 15 65 76 53 75 28 99 4 61 4 42 66 21 97 74 68 56 32 82 98 22 95 32 13 21 95 96 43 4 36 8 63 16 20 80 32 11 19 39 61 26 43 30 23 17 24 68 59 3
33 60 40 56 81 39 52 24 61 6 63 24 59 48 29 91 39 88 74 35 58 91 96 68 16 93 76 11 24 22 77 40 96 80 30 29 31 48 32 77 38 23 33 41 10 14 20 98 39 22 5 70 11 98 58 5 63 2 15 32 79 94 83 93 90 96 100 65 88 79 17 43 52 21 23 95 41 92 97 63 88 1 34 5 38 17 6 78 56 93 58 27 53 22 100 91 43 35 10 45
57 35 46 32 53 34 39 40 69 60 52 48 66 100 82 22 45 68 49 95 46 23 19 17 96 23 45 23 82 25 88 8 64 61 3 59 2 24 24 95 34 90 32 11 5 46 11 77 62 42 14 4 51 54 96 89 2 72 46 11 29 78 22 71 23 97 85 23 6 54 9 33 98 55 98 97 32 52 43 25 84 56 66 21 97 60 56 79 14 70 62 76 50 66 84 33 97 6 36 5
75 65 96 100 83 15 30 30 56 91 64 30 100 34 52 38 49 55 74 24 44 49 5 10 66 73 90 66 91 85 67 98 87 71 8 100 4 94 98 82 85 60 16 36 16 19 25 95 6 81 68 27 81 56 61 100 17 56 28 7 92 22 6 12 67 53 40 36 85 51 1 40 6 85 37 89 42 64 12 79 90 90 61 72 64 100 91 92 34 62 58 79 72 84 83 32 43 72 86 60
74 59 53 2 97 72 81 62 54 5 62 92 83 20 72 60 1 45 65 25 66 99 56 11 43 24 23 86 70 79 97 8 40 81 86 23 84 80 79 33 14 61 70 68 70 20 15 7 1 30 63 46 65 7 70 62 90 2 56 58 38 42 69 93 74 39 33 78 100 57 94 85 92 25 1 49 23 71 21 27 46 100 44 37 75 22 8 1 40 17 70 28 17 85 29 39 17 90 29 49
20 96 64 23 27 21 39 89 97 48 42 19 82 83 97 48 32 65 94 74 57 78 16 99 24 24 39 5 36 49 75 62 22 51 72 86 39 56 11 13 21 38 66 24 93 6 65 64 11 10 77 28 46 69 83 49 62 20 34 35 86 14 15 46 100 16 30 34 81 43 9 69 75 51 89 16 49 42 41 90 93 15 75 84 2 5 14 25 9 92 50 22 78 78 68 41 7 30 77 4
52 6 7 65 3 11 47 90 100 47 76 28 34 15 89 24 41 31 86 54 23 83 39 93 61 16 75 99 23 33 87 64 44 68 66 21 85 24 20 75 57 88 43 3 26 94 16 80 71 62 83 13 61 91 97 28 21 85 7 64 20 97 91 72 90 74 28 93 32 68 44 38 17 98 34 3 33 36 42 55 29 80 40 91 63 99 44 40 53 21 89 92 77 14 73 90 60 83 21 9
86 89 75 16 83 33 8 51 82 5 76 53 38 55 29 26 49 32 88 92 37 24 72 67 83 64 21 10 16 52 20 36 1 89 29 52 47 40 53 45 94 98 95 23 50 15 7 47 18 44 49 17 90 61 76 93 30 76 39 55 34 41 50 12 37 19 38 86 37 96 30 40 93 33 21 84 25 25 10 54 75 1 99 78 79 56 51 85 18 21 39 29 96 10 74 91 60 99 90 15
29 60 71 31 6 52 36 93 4 81 21 83 8 37 6 44 48 83 27 49 75 66 81 85 36 34 89 18 68 13 13 54 12 66 27 88 71 70 46 5 42 75 60 57 89 94 27 42 66 8 96 91 4 46 81 62 58 62 94 74 50 74 15 24 17 4 14 97 66 79 57 76 55 78 76 58 29 51 80 76 88 24 47 16 42 82 91 65 72 41 14 25 14 1 12 72 21 98 5 47
20 8 96 7 76 39 37 41 94 88 2 71 30 6 63 36 45 91 91 77 64 36 65 60 44 81 97 87 90 1 84 66 5 71 82 77 20 17 78 73 98 74 29 98 16 87 81 80 28 54 33 34 25 75 2 39 76 44 16 91 98 49 66 10 64 42 61 26 7 93 68 20 90 99 25 57 31 55 1 22 97 77 61 41 63 66 81 14 9 9 78 23 17 82 12 11 67 7 24 11
45 55 2 84 65 89 35 1 1 93 81 90 26 50 52 65 27 8 31 60 28 9 76 100 85 63 97 9 44 88 38 28 27 95 33 18 93 43 65 58 29 14 68 58 20 96 100 11 20 78 52 51 21 26 84 72 72 37 10 100 8 56 89 12 32 28 72 22 88 73 13 55 4 46 52 77 35 47 78 10 98 43 79 66 95 53 11 67 49 67 90 80 6 7 44 19 81 70 32 16
19 55 57 96 20 28 34 3 74 31 26 62 49 64 56 4 100 35 2 36 97 58 2 40 52 34 7 29 24 51 40 16 62 41 10 9 68 89 97 55 59 81 21 40 30 13 40 99 42 15 31 47 90 34 78 54 36 51 89 55 55 33 85 62 72 28 73 91 84 88 89 63 96 92 93 71 24 93 59 1 6 13 84 49 74 74 49 40 71 76 60 73 65 89 43 54 27 78 96 42
77 51 28 9 46 67 84 16 95 25 100 91 23 73 51 65 92 12 71 43 73 60 27 26 91 34 84 51 53 13 57 100 2 48 55 46 24 4 88 54 80 9 52 57 43 88 50 95 69 5 57 44 9 71 86 22 67 25 59 75 15 56 39 80 71 35 53 26 64 70 90 13 78 36 78 83 52 24 3 80 48 4 6 1 53 33 9 41 59 22 14 64 16 31 17 3 16 41 27 37
96 69 31 74 45 63 95 29 87 51 60 15 85 91 31 7 35 10 40 49 82 96 86 100 42 30 9 27 78 86 100 59 5 46 77 4 33 78 30 7 68 55 12 97 40 23 76 86 12 55 95 91 93 60 30 73 59 37 29 76 88 34 61 32 51 83 66 68 75 41 80 37 55 10 2 41 18 55 100 2 95 46 62 97 47 10 22 12 24 1 47 13 54 4 81 32 2 86 45 17
58 51 8 82 83 44 40 16 34 100 44 50 58 89 93 54 40 5 3 41 9 25 10 14 25 69 34 31 1 62 9 67 10 68 43 36 13 31 41 77 100 18 3 28 43 15 69 43 88 90 29 100 37 68 78 91 96 28 44 28 41 83 16 95 24 25 97 89 29 68 89 60 96 12 94 26 87 28 44 39 8 9 79 17 30 52 46 61 7 87 16 1 10 45 37 56 78 10 57 15
27 12 20 54 67 87 80 42 22 68 51 90 39 65 22 12 26 73 56 12 42 39 58 68 60 60 67 67 10 7 43 76 71 30 65 2 52 15 82 86 80 60 22 57 53 19 85 13 42 73 35 67 54 95 93 51 90 97 52 15 80 67 24 45 32 93 38 49 35 79 95 88 52 74 33 55 59 95 65 83 74 81 67 98 26 13 45 24 46 51 19 45 82 75 68 54 39 23 58 14
29 48 4 58 55 44 21 41 60 4 21 8 37 50 100 42 10 70 23 4 2 21 88 44 18 79 34 3 20 72 85 9 89 6 96 49 53 25 44 42 88 87 94 70 88 51 82 46 98 93 35 79 90 5 82 20 36 62 71 48 7 2 31 27 47 44 72 13 86 61 7 11 31 31 52 63 91 44 45 34 99 43 40 61 28 54 15 2 6 97 86 49 79 75 84 39 36 11 7 66
5 8 63 99 38 98 73 33 58 33 41 67 92 28 79 58 74 53 30 25 54 16 71 98 5 17 72 50 30 46 58 100 20 54 38 42 60 17 4 97 53 6 50 72 82 88 63 46 54 100 15 89 23 30 20 10 1 50 59 59 71 83 25 2 89 96 6 69 21 11 51 55 51 12 36 22 91 62 17 16 98 73 18 59 69 64 34 39 23 1 13 50 75 60 99 10 29 9 49 15
89 26 42 75 17 5 11 52 81 74 92 82 6 86 51 66 49 33 20 3 63 70 94 64 52 61 28 38 27 84 93 68 65 83 90 61 95 51 11 87 52 46 81 42 32 85 74 79 62 42 31 39 96 93 58 56 80 39 9 88 57 63 24 17 60 2 3 61 53 33 36 58 18 76 99 78 18 37 27 65 40 23 62 80 87 43 34 3 34 30 50 18 1 61 72 74 14 86 56 46
59 83 79 57 5 61 31 28 81 2 2 53 36 88 55 40 84 91 20 64 55 58 62 17 84 67 83 9 48 36 22 30 44 1 82 77 8 16 28 73 85 5 39 22 92 92 42 76 63 44 13 67 85 58 66 18 14 23 3 13 81 19 52 72 5 95 90 45 7 50 79 37 58 88 42 12 34 92 92 72 31 4 29 1 10 23 81 67 62 23 63 55 25 72 7 99 46 34 67 53
75 83 76 96 7 13 48 72 42 59 64 40 29 46 81 49 89 44 36 9 30 57 58 29 8 51 50 28 50 96 22 50 59 66 58 6 21 39 59 85 14 14 63 31 73 75 43 68 95 74 46 91 92 59 34 59 87 15 46 7 51 39 33 64 79 4 61 87 76 10 56 12 52 1 25 91 63 85 64 45 23 49 72 55 69 52 78 55 1 86 54 97 83 66 86 90 35 77 66 39
72 62 59 36 15 19 85 7 71 13 29 84 21 77 1 100 88 5 58 72 87 93 39 76 19 69 31 52 92 96 81 85 33 91 13 61 92 74 28 42 52 56 56 94 5 73 54 61 19 88 5 43 15 31 84 41 55 57 77 94 73 90 13 27 70 86 20 64 61 63 73 85 87 45 55 91 56 82 98 40 40 79 21 62 23 94 46 19 18 16 61 37 10 7 62 67 84 81 65 48
96 33 8 21 40 12 60 9 85 39 18 31 48 24 9 65 14 55 36 92 26 60 13 57 84 38 82 79 7 18 77 62 21 94 23 64 51 61 85 26 40 5 26 44 35 49 77 34 65 57 35 19 25 55 91 53 54 84 82 17 39 76 78 57 14 18 63 19 44 81 48 38 22 12 9 45 100 25 89 24 86 13 35 67 24 39 10 57 72 20 13 6 91 67 22 1 65 27 54 62
66 98 59 8 53 63 15 75 57 40 53 32 59 87 7 14 54 11 49 53 98 8 96 86 97 47 23 23 5 99 96 37 58 86 41 16 100 59 29 98 88 62 85 72 15 34 59 34 25 72 90 86 1 13 82 25 51 89 27 62 63 67 61 20 32 63 57 27 44 20 11 10 82 72 61 80 79 15 68 8 71 80 87 68 4 22 92 39 53 67 16 19 53 90 75 15 47 47 81 4
19 33 72 99 46 25 57 55 30 26 38 89 77 4 38 94 7 45 9 32 93 27 56 33 13 5 69 93 93 38 52 59 31 4 100 56 50 40 81 61 60 90 36 23 47 57 50 32 23 43 91 43 73 36 81 25 87 68 65 48 96 14 37 25 7 66 49 31 60 31 61 47 53 84 83 15 57 14 35 90 87 28 70 18 35 86 73 85 9 66 27 10 77 24 98 86 64 70 48 55
37 29 61 84 66 68 82 81 54 3 48 62 7 27 59 28 16 77 19 76 85 16 40 41 100 57 66 16 72 18 95 31 93 79 50 68 70 77 66 72 79 100 87 69 71 97 66 20 27 45 22 31 6 33 36 95 72 32 61 26 82 58 10 80 48 67 58 88 9 64 2 94 92 37 59 17 28 85 10 11 35 39 88 68 44 59 54 1 51 12 71 37 34 8 72 23 93 79 42 59
56 20 83 38 69 15 32 81 61 84 23 17 23 9 12 83 100 72 54 11 43 43 40 31 57 22 86 70 17 69 10 82 38 39 4 15 57 25 78 54 18 42 30 79 76 73 2 31 85 84 25 65 13 53 4 8 70 84 100 18 40 75 35 8 67 39 50 19 45 26 93 83 60 22 31 55 70 94 78 84 75 72 67 99 28 24 58 46 93 51 16 39 82 8 75 74 79 60 44 52
94 48 45 4 18 70 45 82 100 60 35 7 35 64 31 25 18 58 96 91 6 71 77 77 74 60 47 58 39 75 43 63 73 30 66 86 84 47 65 55 52 51 79 83 59 4 54 94 29 73 65 31 18 48 57 88 46 92 8 43 50 16 87 41 85 77 68 5 90 68 86 52 20 52 49 97 97 35 23 16 74 11 34 1 84 29 44 39 32 10 16 7 68 71 63 8 68 35 47 31
33 27 13 84 65 89 93 7 41 82 39 2 37 91 53 41 24 3 91 100 33 56 77 26 85 7 67 37 40 58 19 54 88 81 73 62 31 32 67 60 81 49 29 79 33 97 63 8 99 10 86 2 36 85 57 88 70 49 16 3 78 100 36 66 11 81 51 24 73 60 43 2 55 99 38 72 52 25 88 22 88 57 100 68 83 9 78 82 14 28 26 16 49 51 42 74 94 44 62 20
25 85 25 49 35 81 69 18 76 16 88 77 23 5 58 79 8 84 38 100 89 66 88 43 12 42 2 86 82 98 11 16 13 59 1 25 75 62 23 15 22 100 99 71 20 57 31 64 68 14 11 52 64 44 3 43 2 61 22 23 22 86 97 62 58 23 80 75 97 11 67 88 57 11 14 96 72 23 11 9 91 27 16 8 86 29 10 14 36 57 51 40 14 21 33 71 79 91 60 67
72 100 2 41 47 84 75 14 78 28 47 95 20 48 24 40 15 83 37 90 66 88 13 46 27 39 83 11 82 85 70 63 60 48 84 38 14 7 95 40 54 55 59 74 28 76 33 51 68 19 2 49 96 92 25 55 100 43 46 18 5 92 98 26 78 81 8 2 39 60 91 27 25 70 30 2 24 11 70 1 75 100 94 81 21 40 37 66 25 18 66 52 37 87 12 53 93 84 22 3
26 64 81 73 66 90 17 54 21 89 30 67 2 31 60 99 74 88 34 57 39 68 48 100 62 69 29 42 73 36 99 72 99 57 78 86 25 42 44 28 18 62 23 100 17 44 90 87 83 48 85 48 84 20 80 8 3 3 43 24 82 55 79 36 65 89 27 41 14 95 41 7 26 34 20 73 26 23 44 65 92 48 92 15 30 75 73 50 70 98 43 100 77 58 77 84 61 43 70 30
34 41 63 54 56 2 5 21 71 35 27 1 97 68 85 75 21 9 4 48 77 83 70 74 85 12 66 29 75 67 1 94 80 8 4 90 77 100 74 68 83 80 14 95 93 85 22 56 75 13 36 60 81 45 86 92 58 50 65 13 35 37 2 80 60 63 68 40 45 86 35 3 39 16 70 2 85 14 45 29 14 48 25 36 45 52 44 4 37 4 99 9 36 42 95 52 74 47 96 94
79 95 16 89 45 93 3 88 61 67 4 70 45 85 21 26 7 24 69 46 49 49 39 77 28 28 26 67 79 47 52 77 20 31 21 27 11 59 44 7 73 76 29 43 25 66 33 11 33 69 51 100 26 78 38 89 37 81 97 61 74 20 31 9 1 31 38 40 97 92 41 73 92 53 19 49 16 73 16 47 72 51 68 57 84 47 95 85 63 7 47 88 24 74 77 14 16 1 95 25
57 82 23 56 63 94 77 64 88 2 4 14 56 47 98 74 88 95 95 37 100 24 19 78 51 16 79 44 73 39 76 68 17 50 38 25 34 100 69 79 5 90 61 95 28 92 23 45 85 31 49 84 78 19 99 3 25 75 9 83 14 88 29 36 72 79 25 92 33 46 70 78 5 13 8 92 42 77 70 18 51 95 14 52 83 77 2 2 89 47 94 78 77 95 86 14 38 2 81 29
76 27 96 38 26 79 20 92 24 16 98 68 75 54 25 19 13 56 12 67 24 7 11 43 35 31 79 92 80 26 17 80 26 41 10 90 11 23 38 2 59 29 61 31 99 33 95 66 32 38 16 35 81 40 59 92 16 49 52 30 13 61 50 29 64 52 70 22 65 50 42 96 47 82 70 88 45 28 88 54 86 45 72 5 40 98 95 91 15 62 46 15 65 25 75 92 82 86 11 31
98 19 31 32 63 56 44 42 1 34 47 41 57 51 91 90 65 24 54 50 70 67 47 87 41 10 97 92 28 72 45 24 52 95 65 11 68 16 1 21 89 72 52 8 66 23 97 61 5 83 85 74 27 6 36 7 52 30 75 15 65 51 12 66 42 82 21 89 50 61 28 66 95 42 89 79 53 78 98 18 66 99 23 51 95 9 97 74 58 10 70 3 7 34 60 24 57 60 7 50
13 71 53 32 39 47 39 62 10 78 34 6 63 71 5 21 74 7 99 76 3 29 33 66 96 21 41 66 20 36 90 94 73 34 52 44 91 56 32 21 12 16 97 56 93 32 10 48 7 81 76 90 88 1 73 50 56 40 75 45 91 70 31 5 25 82 45 97 33 52 64 55 13 65 7 13 66 30 11 44 83 81 10 64 76 91 6 60 13 27 2 49 2 72 89 95 78 39 23 84
28 4 50 66 15 48 88 68 9 64 12 9 55 28 55 100 23 91 75 88 9 30 6 24 82 84 25 52 12 98 32 36 24 60 67 68 22 77 80 85 10 55 100 86 92 91 80 80 5 20 64 58 46 66 55 76 86 71 74 75 95 30 83 17 10 100 86 95 8 28 99 17 46 30 79 17 25 85 54 16 79 83 30 58 38 30 73 37 98 100 85 42 87 11 48 36 21 79 68 57
67 17 97 3 60 31 22 92 100 18 75 67 24 19 21 12 77 78 92 62 35 40 49 59 91 9 64 24 85 94 8 79 88 61 59 44 8 31 97 12 43 34 25 25 8 85 20 15 53 50 61 43 91 31 67 71 40 20 1 70 75 48 83 2 99 6 7 83 46 45 19 42 32 9 43 59 20 89 23 81 100 22 42 53 20 28 14 38 42 60 40 4 49 59 29 8 44 26 42 48
71 87 69 12 3 68 32 88 91 19 100 32 95 2 96 99 6 80 7 13 57 26 85 45 93 48 9 14 82 88 80 100 74 2 54 91 66 21 50 61 97 58 16 62 70 87 51 14 83 71 2 46 68 4 52 83 11 62 87 83 11 56 38 98 39 89 11 27 47 38 4 5 55 99 61 97 93 35 40 9 41 44 86 97 4 72 69 38 53 63 92 61 17 42 66 19 95 18 71 80
79 46 49 92 87 93 95 18 11 40 41 16 67 40 43 16 61 89 40 10 9 20 52 27 49 3 65 42 28 66 63 54 10 45 91 27 99 61 10 93 45 73 79 24 38 71 74 74 39 75 74 80 82 8 54 60 66 29 24 91 36 20 14 96 96 27 37 89 47 23 100 46 59 14 95 68 93 64 23 79 14 75 33 32 65 8 22 94 66 94 13 39 3 70 61 24 32 44 43 3
93 34 92 73 93 20 95 72 12 80 33 26 9 75 30 5 12 76 45 63 35 77 18 66 4 1 99 68 4 69 85 72 47 67 56 70 95 29 93 73 15 99 85 1 13 1 66 23 65 39 3 1 22 58 29 42 34 12 81 14 82 77 42 20 80 82 56 9 84 83 83 67 19 44 26 46 34 99 43 14 72 86 71 74 34 41 60 5 80 8 15 44 30 20 32 20 37 35 21 86
53 4 39 73 78 24 92 94 96 35 91 35 91 33 38 71 77 74 33 7 3 21 72 75 82 49 50 67 80 93 54 52 66 90 99 27 15 42 97 21 42 40 60 6 68 56 39 28 85 78 34 71 57 15 68 7 88 3 96 74 63 24 12 89 35 8 97 45 47 88 74 43 69 39 68 94 82 82 7 93 19 60 93 1 37 69 76 64 17 79 74 100 86 10 75 47 27 98 100 56
44 8 2 48 17 86 73 55 10 75 49 14 99 75 24 70 7 75 52 42 69 34 28 21 55 53 86 31 39 93 55 16 89 86 59 32 34 71 53 78 78 49 78 26 93 93 54 89 48 91 47 1 84 9 86 38 44 85 26 17 67 87 60 84 18 63 21 91 64 28 10 74 60 54 21 35 64 97 98 18 91 95 81 17 70 23 52 82 24 28 22 86 7 22 98 84 20 19 89 97
94 79 66 43 76 98 91 92 97 92 34 62 28 31 92 25 70 24 11 54 7 4 78 12 3 29 97 25 89 42 10 9 81 23 3 66 32 67 72 12 100 96 17 1 4 41 73 23 61 20 57 21 26 1 44 15 22 72 76 58 71 7 81 81 89 96 95 74 26 78 79 4 85 47 43 50 73 59 59 69 79 91 71 84 56 85 93 9 77 19 61 91 50 43 86 99 50 63 17 8
17 30 88 13 68 79 52 13 57 37 11 85 31 77 45 2 73 74 72 21 28 94 59 49 13 13 20 61 91 86 49 39 77 65 20 89 44 74 40 22 56 69 4 5 83 99 55 51 78 96 26 95 31 70 30 27 28 82 55 49 82 63 82 88 63 76 3 29 50 91 54 2 4 17 7 78 89 44 2 84 82 12 62 86 61 37 34 94 87 90 92 76 53 73 86 5 54 31 96 37
74 39 32 85 7 25 15 32 34 32 84 56 1 42 82 84 44 13 23 49 66 21 31 50 81 75 52 49 18 45 91 37 84 64 53 85 40 23 78 11 82 83 82 87 59 34 50 99 42 85 89 68 6 78 3 31 85 12 32 21 4 11 14 89 31 15 13 1 36 53 88 99 28 73 49 14 53 75 51 20 24 73 32 56 42 46 73 79 19 29 66 8 90 37 10 92 20 21 60 54
6 47 94 64 65 98 91 28 70 50 100 15 21 54 76 33 19 72 84 46 85 99 46 19 23 90 38 80 31 93 22 6 26 86 39 26 97 3 62 74 26 83 26 92 23 34 49 37 67 17 85 87 72 27 72 84 64 35 79 19 80 99 80 77 64 2 76 52 56 86 100 55 53 77 33 15 8 51 67 18 84 97 91 88 72 60 52 10 66 51 32 43 35 67 24 17 24 51 49 36
46 89 67 84 8 9 84 88 61 99 74 16 37 27 91 51 76 69 22 30 26 75 90 38 35 85 35 73 79 88 13 88 70 15 53 4 18 98 91 87 41 56 54 6 47 4 32 2 53 32 90 67 96 87 76 21 9 58 29 10 24 26 49 66 26 56 8 31 19 77 56 92 62 81 27 80 9 68 91 43 27 9 20 90 78 51 16 65 93 52 18 46 64 33 44 20 100 72 6 62
24 6 100 2 38 50 26 83 3 14 87 99 38 42 68 90 30 70 86 56 91 37 54 9 22 4 98 19 36 40 25 40 68 85 37 71 46 80 65 94 61 19 21 50 66 16 86 99 19 49 43 19 2 28 86 34 37 88 49 63 84 14 64 2 3 41 11 37 42 69 37 98 100 91 69 36 22 96 86 66 53 91 42 17 83 65 32 41 28 84 82 96 78 40 38 27 66 87 5 34
98 51 35 18 66 45 34 77 64 1 32 30 33 85 56 4 66 56 29 50 96 49 48 22 55 29 89 19 31 46 20 68 93 57 65 38 10 62 12 61 74 39 69 16 90 7 37 71 79 46 66 47 95 55 76 77 91 9 76 79 8 39 79 56 33 15 52 79 61 50 28 36 64 50 55 63 16 20 52 37 14 41 49 89 96 22 77 44 86 68 59 34 61 46 59 14 8 49 5 12
25 12 14 69 96 26 59 71 51 46 38 36 94 87 36 62 60 9 17 77 11 59 33 33 64 38 16 6 38 95 86 77 49 53 13 74 60 32 82 45 12 10 34 98 92 31 97 13 53 64 8 62 56 40 12 63 11 20 72 56 65 5 97 7 97 41 90 41 41 50 74 48 74 87 4 21 8 81 82 7 37 93 35 53 95 41 19 76 29 44 54 95 67 44 68 82 98 19 56 44
99 50 40 1 33 51 61 43 22 81 29 95 91 26 93 80 84 57 22 93 95 49 36 9 21 7 53 41 55 16 48 97 50 91 33 47 42 39 73 9 78 43 68 33 48 68 7 32 53 24 93 9 91 4 34 85 51 26 38 48 16 56 73 93 41 81 31 58 68 58 71 27 99 28 21 86 27 34 21 81 12 58 20 77 75 29 69 70 17 65 1 43 73 62 68 28 82 64 80 7
11 49 52 21 6 63 2 98 32 73 62 3 98 91 87 60 11 88 17 1 26 96 41 3 19 23 8 74 91 1 74 37 67 28 48 87 87 15 50 23 39 33 30 2 11 28 46 34 57 36 69 11 12 3 93 36 65 94 94 27 29 94 39 33 89 50 81 24 69 14 24 79 97 53 6 2 55 11 29 28 11 93 13 74 61 75 87 41 87 56 33 55 71 45 45 2 40 52 22 42
38 99 78 82 73 54 90 7 97 98 40 17 32 1 47 91 21 35 74 94 26 73 46 29 35 1 14 60 48 90 9 20 16 43 99 75 67 56 57 93 27 40 67 30 84 58 52 82 62 98 37 64 13 45 68 95 43 10 9 68 58 47 6 53 64 92 14 42 51 42 40 31 11 97 26 38 92 68 86 43 34 66 58 34 96 19 36 32 24 84 17 22 76 20 10 22 74 40 77 52
46 93 90 27 82 77 82 1 51 80 21 58 78 7 28 16 63 36 54 43 89 87 28 88 20 92 33 52 77 49 19 36 79 85 48 43 99 13 29 20 97 98 72 54 58 59 31 19 87 91 53 57 96 36 41 80 10 37 50 81 23 13 68 11 50 45 53 92 100 47 36 31 95 70 8 53 30 35 75 58 75 86 37 82 23 1 16 30 1 97 61 18 42 87 48 76 100 18 70 58
27 21 75 36 64 83 1 22 18 96 96 66 11 26 3 43 27 8 64 21 72 96 31 87 22 36 75 59 40 4 86 2 85 14 59 85 100 86 77 84 45 17 94 54 80 34 75 2 96 4 79 33 18 40 84 80 37 94 73 81 74 86 38 21 89 82 34 86 11 79 39 8 88 78 5 70 40 92 24 32 46 93 4 67 16 34 71 48 58 26 90 13 27 57 6 66 81 5 69 66
58 9 73 67 95 55 13 39 25 93 95 68 68 40 39 66 64 37 61 33 32 73 54 80 37 17 41 52 91 87 5 73 68 57 23 35 49 16 30 89 59 48 95 40 7 23 40 82 97 55 33 94 100 94 49 85 86 57 3 15 12 97 40 64 33 14 78 77 72 45 20 74 32 30 29 23 99 24 3 12 63 45 56 98 30 21 43 64 38 2 37 95 32 29 80 42 49 6 82 1
6 95 7 48 94 31 76 24 92 13 40 24 43 75 69 23 73 34 12 54 35 68 7 79 71 57 43 80 37 58 42 19 100 77 59 35 25 46 41 29 53 24 51 48 56 44 89 27 7 61 16 62 47 62 68 44 16 84 99 85 92 1 54 2 14 43 52 98 95 88 51 12 4 52 64 15 38 89 83 63 90 47 99 49 21 21 52 99 32 58 82 13 74 81 15 12 27 33 38 53
30 77 83 95 51 17 95 98 90 81 8 79 47 90 66 70 26 40 84 26 59 88 38 61 92 91 53 80 72 75 18 37 41 88 84 4 3 60 68 23 34 37 7 15 41 12 75 81 24 36 68 30 29 100 30 60 45 74 3 85 70 5 18 17 76 94 11 44 51 51 91 1 28 25 53 51 42 80 99 3 17 41 43 83 78 56 49 66 29 40 2 61 82 84 83 50 92 71 88 31
69 96 72 57 56 93 22 39 60 74 67 95 25 43 26 73 29 86 69 24 9 50 17 82 75 30 82 95 68 86 6 5 83 66 12 74 28 80 9 39 56 2 9 42 78 57 8 44 19 40 65 38 79 31 9 85 55 57 45 12 72 44 57 78 58 17 97 73 78 10 58 99 86 53 90 91 22 40 46 56 36 85 61 31 65 33 61 78 96 76 97 66 56 81 62 73 54 29 36 17
53 17 50 26 1 13 99 71 56 27 11 29 16 10 12 43 3 41 54 65 4 99 71 88 49 8 65 64 50 38 61 98 10 39 65 98 51 4 22 96 84 79 24 90 94 77 12 70 95 14 11 74 19 54 29 58 38 6 93 21 100 49 5 1 87 13 10 33 30 45 73 45 35 40 96 85 55 91 4 5 35 77 25 45 19 66 21 17 39 15 67 42 26 64 82 1 54 38 18 40
75 40 6 3 44 57 16 24 63 37 64 48 14 6 16 78 74 30 57 5 13 30 90 73 21 73 34 83 79 11 56 28 30 21 43 52 47 68 44 84 58 22 16 34 13 56 71 80 37 61 83 1 15 88 23 60 36 47 99 98 12 68 57 39 22 80 14 80 13 78 35 25 4 10 48 83 86 28 58 77 84 49 21 17 93 57 49 1 13 22 86 90 11 28 24 50 40 14 41 50
92 42 85 80 8 17 100 7 75 82 78 75 7 57 9 37 75 36 25 77 58 22 64 56 11 88 86 5 16 42 10 74 11 6 7 71 19 59 80 91 56 41 35 40 45 97 62 6 42 82 10 24 16 71 67 44 41 88 34 96 86 91 47 61 71 63 65 15 69 97 100 35 15 46 96 30 56 10 75 4 93 58 49 50 91 46 21 60 95 15 25 78 82 11 87 50 54 16 2 35
22 85 48 66 34 45 29 70 10 38 46 86 60 18 61 26 35 10 21 74 87 70 94 61 99 53 81 86 78 58 75 65 41 77 32 68 20 25 75 64 44 43 50 12 52 39 3 34 79 63 82 46 73 97 42 99 83 74 19 72 10 69 15 12 96 84 48 74 61 99 30 84 33 36 78 71 44 72 90 85 52 45 50 27 39 51 32 66 40 100 12 16 67 4 82 71 41 26 76 79
30 67 85 86 66 57 28 6 64 15 59 38 42 60 32 45 79 45 21 100 82 89 64 7 55 76 62 88 36 48 68 67 10 92 25 26 40 86 51 93 4 1 26 7 21 76 83 33 24 31 85 62 43 35 7 24 13 17 56 61 39 24 33 7 65 99 73 84 65 31 19 57 45 45 22 94 72 18 69 94 54 92 75 17 61 60 92 43 9 22 43 75 92 91 21 58 80 84 90 39
85 61 84 41 94 65 15 36 16 44 77 56 90 57 95 79 5 67 77 9 52 100 61 99 21 98 81 57 6 50 43 73 62 54 6 26 43 18 79 49 30 80 55 100 31 90 39 45 55 85 13 14 73 87 62 67 36 84 45 51 71 6 13 96 58 56 93 95 49 43 27 17 95 21 6 45 1 70 40 19 23 96 60 48 20 58 99 32 93 5 26 69 39 36 60 18 2 50 21 40
51 38 9 4 22 39 8 20 81 90 4 32 92 37 78 38 77 38 67 98 18 5 10 90 99 27 3 93 10 20 62 82 97 84 21 74 73 22 32 88 93 49 47 66 35 21 23 25 69 18 95 24 17 97 71 94 30 44 90 2 57 90 12 21 99 44 6 27 30 19 90 18 84 73 96 8 4 11 87 23 47 44 91 16 67 39 3 70 12 74 94 13 33 69 83 99 26 83 61 99
7 92 34 37 43 47 32 13 47 11 30 64 87 18 62 21 44 25 88 89 73 98 82 70 88 43 99 94 97 49 49 25 100 99 28 53 43 58 66 47 100 13 65 78 86 40 68 26 24 14 92 7 10 72 28 85 67 42 4 38 60 53 19 7 47 31 36 11 49 96 11 44 2 41 22 16 23 55 98 9 22 73 25 65 50 80 41 78 78 5 26 98 11 8 6 23 6 68 62 18
41 98 6 33 90 36 86 91 58 7 56 32 59 17 1 27 45 53 83 81 48 4 45 34 7 94 63 54 54 50 22 26 29 15 64 86 68 88 49 77 91 56 85 52 11 51 94 11 8 56 70 5 27 35 30 47 63 94 38 72 7 61 8 56 19 65 25 87 92 27 31 74 39 65 14 57 90 16 98 64 70 4 81 48 53 55 19 16 55 74 77 6 13 82 92 80 70 61 100 16
93 84 37 61 77 35 66 35 60 41 51 67 83 74 81 84 99 46 21 38 44 47 71 46 43 4 71 12 54 30 13 61 25 83 97 54 37 25 57 62 20 41 40 58 56 62 41 26 4 18 68 24 53 72 34 88 82 62 91 7 8 94 65 38 18 40 88 70 56 48 5 70 95 72 68 65 15 24 10 39 46 82 29 30 86 59 74 70 62 22 81 94 83 58 12 43 40 100 59 100
69 68 68 87 77 86 81 98 66 83 7 13 99 30 22 45 28 100 88 87 35 56 49 83 95 53 77 15 1 29 76 100 28 29 6 13 74 91 34 88 33 100 97 85 80 26 57 20 49 4 8 55 89 54 92 78 28 76 56 24 51 41 61 91 93 14 64 99 77 11 7 92 62 10 39 43 93 94 4 100 87 11 69 9 71 21 28 65 11 55 58 72 56 31 68 4 13 60 85 91
55 7 44 28 55 90 30 94 77 90 1 56 78 13 28 43 38 34 34 3 19 41 51 72 78 3 62 60 67 26 86 3 96 77 9 64 87 76 5 92 97 51 2 4 68 37 52 19 2 60 95 13 4 91 94 49 5 41 44 46 11 41 70 8 16 95 85 74 47 19 49 20 66 76 33 33 43 64 58 10 91 91 33 65 35 25 56 37 47 21 5 99 13 53 46 23 7 16 38 25
93 84 50 77 45 53 16 78 58 42 29 72 24 51 38 3 71 55 88 33 46 40 4 5 18 33 94 42 56 12 3 50 95 51 67 37 57 14 93 36 90 22 22 53 50 52 4 18 44 64 79 41 79 9 67 15 41 10 33 82 16 88 16 83 21 95 60 34 5 15 54 86 21 17 100 17 26 34 61 82 82 4 8 92 22 75 96 6 71 48 23 11 87 70 1 12 41 69 99 94
12 60 41 4 57 78 80 60 33 6 83 91 82 21 88 100 51 72 13 65 38 3 94 53 85 36 6 40 37 29 61 39 23 62 41 75 46 63 73 18 50 10 88 3 79 69 50 16 9 63 61 33 24 22 31 11 53 36 40 75 76 46 52 26 50 68 90 54 82 54 52 11 3 96 42 83 9 52 27 11 5 45 36 44 76 73 8 27 41 56 5 77 86 25 60 67 68 97 47 78
99 23 77 26 69 59 23 49 81 48 19 87 79 88 81 1 75 78 81 59 67 79 58 84 4 98 36 30 83 87 18 66 60 59 22 41 84 3 10 88 21 3 57 86 3 74 14 33 68 3 97 85 19 46 83 77 13 24 9 35 45 38 78 34 38 74 34 78 68 9 74 53 51 73 13 45 100 81 54 91 79 20 49 43 35 87 100 58 65 84 78 57 51 32 75 35 75 76 27 59
21 11 1 75 75 91 96 57 44 67 89 72 100 79 76 31 53 80 54 38 37 6 80 38 20 50 69 20 49 88 58 86 46 19 2 86 36 97 86 36 73 95 55 91 76 34 71 47 19 43 15 46 68 37 2 60 86 1 40 78 24 51 50 28 24 68 17 35 21 83 78 91 44 10 92 76 25 37 77 96 90 38 36 61 90 30 53 69 95 60 52 88 34 4 39 17 79 50 62 14
49 28 100 38 56 58 48 8 98 45 35 30 53 24 46 40 35 84 80 59 16 15 29 11 77 88 26 17 42 21 48 81 65 5 82 32 91 48 95 86 56 38 89 1 55 17 55 45 80 17 12 67 69 18 27 81 68 63 79 8 47 1 69 50 83 34 61 95 87 25 73 39 73 44 70 65 67 46 68 3 20 99 77 70 62 9 86 41 79 72 17 14 92 62 96 77 70 86 51 30
41 16 26 14 84 86 2 29 38 17 30 3 91 58 6 34 42 28 6 36 67 100 45 22 18 57 85 93 30 10 60 28 77 1 14 3 37 25 42 7 76 32 95 12 17 3 19 88 58 4 23 1 35 95 90 38 5 85 8 6 40 97 4 95 46 100 81 59 53 89 70 17 49 46 85 83 83 14 29 87 90 92 53 81 63 12 21 32 44 10 93 53 15 12 65 25 50 77 91 37
31 33 81 97 88 43 98 14 12 95 88 45 30 76 76 74 36 93 9 26 25 48 72 89 99 23 82 75 35 41 60 86 59 94 75 1 58 63 80 96 12 9 3 13 93 16 56 11 8 63 7 6 86 19 57 11 29 94 49 33 74 22 29 57 85 75 1 54 15 18 81 38 16 21 47 23 81 84 30 17 13 1 95 37 87 11 72 58 3 76 30 75 55 74 72 14 38 78 79 77
87 21 87 19 99 54 75 90 52 20 100 7 67 85 28 67 18 21 42 78 99 10 6 29 13 92 26 22 41 52 100 16 53 22 29 80 85 29 56 71 63 33 39 38 48 67 46 4 42 31 61 56 93 83 20 11 29 4 35 20 94 8 5 32 31 87 2 60 87 58 85 19 25 29 47 97 90 17 10 48 38 51 70 75 55 36 1 85 47 94 68 29 2 88 61 88 71 75 52 31
